skt-0_Skt,skt-0_PCIRdCur,skt-0_RFO,skt-0_CRd,skt-0_DRd,skt-0_ItoM,skt-0_PRd,skt-0_WiL,skt-1_Skt,skt-1_PCIRdCur,skt-1_RFO,skt-1_CRd,skt-1_DRd,skt-1_ItoM,skt-1_PRd,skt-1_WiL
0,5424944,6046152,582708,61992196,2060674,252,407554,1,13729604,550718,3846542,58308628,0,148246,620046
0,5617514,6240808,509362,63442456,2085706,140,416444,1,13616036,553126,3590958,58700320,0,153496,622384
0,5768070,6487250,750918,65290358,2138780,168,427518,1,13831706,557130,3430364,57636852,0,154126,621782
0,5981584,6685462,327628,67122454,2201948,756,436632,1,13709122,552132,3399578,57633814,0,154882,639632
0,6174392,6877262,716744,68864922,2243458,280,446460,1,13408094,578942,3201702,57986320,0,159180,629118
0,6449394,7099372,334768,69748602,2318820,196,454748,1,14119238,539994,3471342,54202764,0,157514,632926
0,6669754,7337526,739648,72749852,2376458,168,465122,1,13553946,571032,3532424,57397746,0,157528,638778
0,6912682,7602434,4344270,61729290,2267174,140,477680,1,13580812,567266,6289458,51188970,0,160048,627886
0,7259210,7935130,874888,78174488,2502906,168,497448,1,14019572,560658,3403288,57154034,0,157710,630140
0,7662032,8216488,453894,80518480,2545648,0,511854,1,13800346,554708,3496626,56964502,0,159656,618072
0,8244026,8425088,502698,82726168,2541308,0,543018,1,13948326,552076,3302488,56965454,0,161336,612024
0,8787506,8712424,538342,84928620,2516514,0,562842,1,13525932,565586,3444042,57562638,0,164892,629188
0,9381876,8975526,466494,87213406,2523220,0,584066,1,13475798,568764,3288628,57212470,0,163884,634620
0,9958760,9296840,458192,90567344,2523934,14,625058,1,13787102,566300,3522148,57771406,0,162526,625492
0,10352020,9429854,376208,91093954,2581684,14,628698,1,13924736,552706,3239362,56927122,0,159544,642852
0,10907120,9809576,320782,94447136,2530738,0,660254,1,13568492,577836,3181864,57655836,0,159180,659820
0,11337522,9959782,305662,93989042,2555910,14,685244,1,13569598,570738,3308382,55131020,0,159306,660156
0,11650730,10263568,449400,98277872,2540874,0,610484,1,13477590,574112,3378942,57715742,0,141120,614362
0,12071458,10399998,322574,100869944,2575986,0,712432,1,13831118,553546,3192966,57616258,0,159460,641060
0,12603472,10564064,313124,101735746,2564884,0,734188,1,13683432,550998,3232992,57380218,0,159362,652414
0,12883164,10919412,340340,106328306,2435132,0,756840,1,13476372,569688,3133956,58066610,0,164668,633528
0,13297158,10953628,377902,106261974,2454046,0,773850,1,13697600,559636,3299632,58183860,0,158172,630392
0,13317164,11227972,364224,108617432,2402442,14,787010,1,12996256,566482,3109988,58428972,0,162932,630154
0,13995156,11075078,375648,106916684,2467822,238,801276,1,13745788,556332,3106320,57521898,0,157892,652246
0,14352744,12301912,265622,109169928,2273950,154,877436,1,13438530,615930,3094490,57933316,0,159852,629636
0,15920254,11328226,317688,109458692,2209802,154,921886,1,13518862,551390,3198426,57605324,0,159040,627144
0,16168880,11516428,208292,110448212,2194682,350,945322,1,13502622,552034,3201996,57923502,0,159824,629398
0,16493386,11459434,253288,111465886,2117990,168,742882,1,13580994,554540,3222786,58072000,0,160216,539938
0,14677628,11482646,232260,109494980,2150456,168,956452,1,12834934,556612,3166282,57445318,0,157766,657384
0,16052918,11840444,239974,110301660,2167648,168,959784,1,13381592,573594,3318490,57805160,0,156408,648424
0,15883252,11748464,264782,110872720,2176300,140,966266,1,13236006,568890,3182984,57941982,0,156884,648760
0,16299976,12031292,250614,113064938,2144772,168,974400,1,13412546,580930,3143686,58578338,14,161574,630616
0,16424352,11715018,252378,111543110,2136162,182,978922,1,13559756,563458,3115406,58514638,14,160622,628138
0,16580984,11882962,246204,111774978,2132060,140,975464,1,13670622,571130,3072160,58254742,14,161854,632002
0,16854362,11644500,285852,103410202,2140166,168,975926,1,13949222,561666,3078474,54451964,14,162190,631414
0,16614304,11805052,312298,111171242,2124710,574,981680,1,13806492,567700,3083640,58064986,14,161210,633094
0,16689176,11770780,291046,109570412,2196488,168,973798,1,13728680,560364,3047814,57495074,14,157430,648298
0,16573438,11757354,272300,109175612,2174606,224,974414,1,13712216,566342,3161592,57339968,14,157010,646184
0,16528568,9095898,1155252,108385970,2049908,392,985852,1,13550642,432222,3761044,56091252,14,155540,660072
0,16583686,12055736,324506,112486878,2136694,392,1001756,1,13605788,583800,3204782,57757126,14,163170,641998
0,17093860,11781504,370104,111426196,2146382,140,998816,1,14083762,567168,3179862,58144590,14,161322,642264
0,17017546,11680844,293454,109404708,2171904,168,978894,1,13939268,558362,3215100,57191694,14,158228,658014
0,16674098,11942952,362208,111565860,2156070,196,1001616,1,13669082,578774,3273228,57803046,14,161196,646464
0,17042368,11832912,301938,111048672,2139004,336,980994,1,14033194,566790,3179694,58254644,14,161042,626934
0,17194394,11427150,405972,112108108,2135616,0,1000174,1,14138068,536928,3283378,58314312,14,157976,643048
0,16983274,11697378,335216,111753488,2149490,0,992908,1,13991488,560812,3321360,58894878,0,165270,635138
0,17203438,11574318,393722,109567066,2234778,0,989926,1,14092428,553336,3219286,58172464,14,159950,666680
0,16679054,11821950,341040,112729470,2148832,0,1006432,1,13680268,570136,3135230,58230466,14,163212,644224
0,17310552,11606532,8837626,102708046,2157988,0,1006656,1,14284298,554344,9532460,56240898,14,166712,641354
0,17295138,11579246,425866,107501226,2225888,0,1007706,1,14258356,554862,3108756,55276088,14,157934,639786
0,17128020,11540242,428246,110136026,2278332,0,995792,1,14046648,552902,3252466,57374086,14,160118,662760
0,16525460,11796036,300706,112331814,2175124,0,1004332,1,13549648,565306,3212622,57781906,14,166124,640584
0,17071768,11480322,325976,110346096,2278542,0,993720,1,14026964,545048,3268468,57257340,14,160258,665462
0,16573480,11624718,304640,112372722,2178568,0,1008868,1,13594434,559608,3278184,57553846,0,165382,639982
0,16988048,11454114,328090,110509280,2233812,0,998424,1,14007952,547484,3261888,57588118,0,161350,664594
0,16342480,11263896,965538,110423236,2257752,0,992894,1,13430844,538426,3181262,57482852,0,161042,663656
0,16377648,11602458,295988,112506758,2211006,0,996548,1,13432552,554666,3231326,57870904,0,162820,638064
0,16886030,11602948,303968,111995226,2204566,0,987448,1,13889106,547918,3074680,58211244,0,163100,643258
0,16709322,11587002,359044,113344294,2071356,0,996702,1,13707834,555058,3021830,58138948,0,161140,644938
0,16846270,11477662,418180,112052262,2233252,0,990822,1,13873146,549444,3164070,58169202,0,161560,651154
0,16511222,11757116,376040,112493500,2250934,0,988386,1,13533702,562114,3136350,58033752,0,155596,655704
0,16559396,11759090,272902,113951992,2178498,196,999852,1,13588162,562226,3098452,58209074,0,163996,634424
0,17031630,11516442,307524,111096272,2279452,224,987896,1,14039872,550550,3102624,57668128,0,159096,659470
0,16615816,11779866,252560,114172996,2176958,140,1000300,1,13631632,567882,3019170,58177574,0,164346,634312
0,16921730,11583530,259854,111176226,2261952,168,988484,1,13964468,553686,3050250,57811894,0,158858,655718
0,16585618,11788588,223678,113055936,2207842,168,1001952,1,13603086,567252,3064908,58087890,0,161210,640220
0,16474472,11784556,277074,111203274,2236430,168,996142,1,13549662,563318,3113824,57805090,0,158634,647094
0,16690506,11901414,289702,112950600,2150288,168,994980,1,13718586,567154,3090864,58307228,0,161910,638722
0,16894486,11855424,283136,111178872,2194178,784,846944,1,13856150,568302,3078502,57565200,0,144298,593054
0,16556050,12154268,325318,111617814,2160424,140,1000356,1,13569234,585410,3076458,57153012,0,165158,634704
0,16966698,11800978,476364,110740504,2224712,140,985012,1,14024486,563220,3249862,57596742,0,158690,657720
0,16641310,12168772,387478,113175426,2098474,140,996324,1,13617058,586796,3294662,57964200,0,159782,645470
0,16503732,11909478,497770,109921238,2203012,140,998522,1,13533856,570766,3530016,57299214,0,158676,644868
0,16888270,11916702,471142,111255494,2163644,168,993832,1,13888756,569212,3317216,57697304,0,161686,641970
0,16972886,11946354,471310,109322710,2200632,308,998858,1,13919934,573048,3284428,56995190,0,158676,646240
0,16890034,12052502,545202,111031396,2161404,224,992964,1,13885396,571256,3263456,57664278,0,161308,645848
0,16870812,12101558,797314,109212082,2213470,140,995400,1,13840470,576268,3746750,57023218,0,158214,646254
0,16811872,11774210,774228,108600744,2204524,196,1000762,1,13810412,542584,3423168,56557354,0,159194,645344
0,16972480,11942658,910560,110189380,2239062,196,998438,1,13938190,571886,3548146,57592542,0,159194,671258
0,14753788,11977126,825300,109619622,2187612,364,1015336,1,12173686,575848,3650640,57021888,0,163856,644644
0,17244472,11926572,1146796,109842110,2248316,168,1001826,1,14299096,563906,3832962,57304044,0,158844,665854
0,16697786,12177606,903112,111798386,2191532,140,1001756,1,13696004,575204,4052580,58151464,0,160510,665840
0,16798544,12237568,2339596,112121772,2166920,140,989170,1,13768048,583044,4402524,57611652,0,165144,628544
0,16951368,12047238,3046708,110869528,2219896,0,999516,1,13941494,570584,5348756,57822394,0,160930,670838
0,16733066,11993968,3483074,112285110,2155538,0,1007552,1,13718446,575512,4987290,57926372,0,164822,651322
0,16890552,11976734,3134796,110238268,2178568,0,1019060,1,13892760,575806,5078486,58463804,0,166614,643496
0,17380202,11707584,2797186,109746042,2256086,0,1000328,1,14313852,557788,5489540,57217244,0,160790,667268
0,16725100,12022640,2728586,111916000,2161180,0,1010562,1,13713266,575330,5561332,57786918,0,165620,648242
0,16981328,11825982,3246768,106325464,2211468,0,1000790,1,13930686,557214,5479866,54834612,0,162330,668402
0,16768052,10459456,8007678,100133698,2287390,0,1005270,1,13749750,513086,6260744,54320714,0,160132,660184
0,17117366,11724930,2425542,110732972,2296070,0,1001826,1,14133672,559398,5071948,57527610,0,160594,667688
0,16583434,11930828,2988146,113248142,2204104,42,1005284,1,13595778,568694,4141326,58817388,0,162946,661682
0,16632350,12043878,2383570,113137430,2199974,0,1016820,1,13641054,578886,5146624,58549008,0,167776,641970
0,17149944,11694564,2108218,111213242,2253370,0,989884,1,14043862,559286,4776800,58702938,0,155806,651658
0,16279774,12024502,2043104,114452058,2193072,0,1001658,1,13380780,580244,4761204,59038924,0,167412,636216
0,17085852,11642120,2307830,111129396,2254154,0,1002330,1,13991586,554386,3771474,58053954,0,163226,644000
0,17035354,11746980,1013404,112222502,2297358,0,991424,1,14066696,559146,3494792,58297778,0,160720,658336
0,16564240,11957806,537684,114888424,2193548,0,997052,1,13584424,571116,3080056,58637908,0,163646,648186
0,16713508,12027610,575008,114581530,2192204,112,1006054,1,13713462,578200,3287046,58331098,0,165354,636048
0,16926364,11678380,404936,102083912,2200786,168,992460,1,13895280,557550,3152072,63523026,0,161854,655158
0,16660728,12048694,508018,113451842,2194122,140,1004808,1,13665582,580146,3270330,58120202,0,165564,637168
0,17122896,11715550,427826,110818232,2273852,364,991788,1,14094864,557956,3104976,57536836,0,159334,650678
0,16798978,11801678,463666,112368802,2239636,196,993384,1,13817118,564564,3179876,58296686,0,160398,663096
0,16163014,12127528,404320,114038834,2186044,168,1000244,1,13631898,577668,3167374,58041368,0,163968,633570
0,16485182,12059614,280140,112037030,2200604,196,1005004,1,13878522,573930,3274376,57716722,0,163842,637560
0,15727782,12280184,256088,114002056,2172772,280,1002596,1,13283830,586502,3089086,58128378,0,164920,635166
0,16537724,11925914,551152,110690790,2205308,182,1001910,1,13899746,566972,3218894,57527456,0,158718,647080
0,16455320,11998910,301658,112010878,2224642,364,993146,1,13920298,569856,3232376,58062648,0,159866,662382
0,16155958,12275872,304864,113609902,2170686,140,1004584,1,13619438,587146,3124562,57909082,0,165424,635894
0,16699256,11900182,325290,110040602,2077964,140,1074486,1,14055482,565726,3097808,57411648,0,158914,725928
0,17123008,11907868,259448,111271916,2102324,140,1000790,1,14104020,568274,3089674,57507030,0,164640,634816
0,17315830,11929260,691628,109426856,2209410,196,997724,1,14181006,569044,3489262,57459038,0,162498,639870
0,17336844,11862256,776090,108947972,2259250,168,992740,1,14308406,565292,3641610,57116472,0,159348,655648
0,16726710,12158678,803222,111863332,2169342,196,1004724,1,13714176,584066,3728200,57761368,0,163618,639464
0,17236506,11919642,808234,109284560,2209326,196,1018206,1,14094290,570122,3694642,57885604,0,162736,647192
0,17344180,11858252,899290,110464886,2260216,196,990780,1,14318360,565684,4050522,57465156,0,159306,638358
0,16857624,11550924,875126,110010320,2235492,770,1010156,1,13829970,534800,3757418,57251306,0,157332,657328
0,16872310,12032370,803698,111057534,2170476,224,990500,1,13863556,571648,3994830,58426046,0,161420,647766
0,16980936,12213866,849310,112061684,2176132,196,1019900,1,13928544,581126,3721480,57457372,0,165844,642320
0,17339952,11831946,813764,110492816,2247966,0,910532,1,14273140,559608,3742088,57552390,0,160104,592998
0,15874908,11967788,996464,111250202,2169132,0,1014328,1,13197772,573160,3879218,57354850,0,166740,639422
0,17348436,11799970,875364,108789814,2249912,0,979580,1,14219786,557298,3809022,56475580,0,162288,662396
0,16817780,12039076,864528,111404874,2177322,0,1003590,1,13794466,579796,3727346,57717142,0,167706,641536
0,17376618,11701690,877464,109938990,2249338,0,991088,1,14277004,558684,3732820,57303162,0,160034,661696
0,16725100,12072760,822318,112009492,2202914,0,1005046,1,13714960,570836,3764194,58409316,0,163408,658938
0,16713746,12138252,839832,113139040,2194682,0,1000790,1,13708142,579292,3803870,57994314,0,167034,640584
0,17125010,11818590,808192,110148360,2284268,0,1004920,1,14075544,559734,3770494,58331672,0,160720,666610
0,16296476,11523862,823046,110921398,2288706,0,992124,1,13396852,539812,3681734,57529318,0,160580,666246
0,16674182,12118512,810222,112550242,2190972,0,1013922,1,13674542,576156,3673950,57994986,0,166838,640080
0,17100020,11806340,866838,110593686,2288538,0,989072,1,14041258,558488,3724952,57422778,0,160678,649978
0,14218498,10586744,1067402,113546202,2206162,0,998844,1,13517588,510342,4003678,58750384,0,163534,645666
0,16778342,12016466,822108,113712732,2218580,42,1005242,1,13768692,576940,3931354,58376570,0,164514,640976
0,17022698,11766958,361774,110362420,2207576,0,1008644,1,14028014,561610,3163370,57275358,0,156688,637210
0,17126704,11760224,251118,111649146,2293634,140,992068,1,14138264,560532,3151806,57965026,0,159194,659400
0,16568748,11998742,280826,115277722,2182180,140,1006376,1,13591242,577934,3061842,58470076,0,165662,637350
0,17057530,11767882,261534,111771590,2287558,336,996856,1,14097286,560658,3092460,57931216,0,159362,659694
0,16633288,12033784,267554,114921926,2185918,140,1007118,1,13646094,579040,3085068,58507610,0,164850,636986
0,17113852,11755282,225806,111540296,2270394,280,992992,1,14101976,561946,3110198,58048424,0,159572,660842
0,16152360,11939844,220332,111695304,2258858,168,988498,1,13280274,571970,3040492,58395848,0,159236,658000
0,16645146,12195890,237272,114862160,2164064,728,1004206,1,13651834,584444,3064460,59235470,0,164192,635362
0,17122756,11820550,4632922,111098260,2200562,224,996618,1,14029820,563920,15328488,58694048,0,160916,654780
0,16661246,12182618,230272,114065462,2179898,588,1005704,1,13673282,587454,3109806,58813832,0,163128,641340
0,17031154,11908512,221144,112843892,2184658,210,995246,1,14036568,567756,3056648,58657914,0,161112,651336
0,16725548,12165874,239638,114743034,2175558,560,999712,1,13723556,585466,3037104,58341682,0,160034,648578
0,16645930,12213894,295036,113679454,2134860,392,1005368,1,13652100,586194,3103240,57863162,0,164206,636888
0,17437994,11819402,339402,110562424,2194668,140,992278,1,14286020,563388,3118010,57165836,0,159152,653128
0,16704506,12162766,298046,113227912,2151842,140,1004094,1,13697922,583310,3143168,57695386,0,164150,635810
0,16557184,12134696,259868,113405180,2141986,420,1001882,1,13579832,579628,3435040,58030098,0,163604,634256
0,17294578,11845960,286398,110463836,2193660,140,996548,1,14160286,565194,3089800,57270388,0,158536,649796
0,16709602,12185572,258006,112877786,2150372,308,1019718,1,13701170,585774,3114944,57685558,0,173194,641312
0,17386124,11809182,430920,86764272,2136134,140,1011430,1,14292614,562800,3242064,47127556,0,160958,640010
0,17247580,11987696,413084,110422494,2199932,224,1002414,1,14121268,567882,3266998,57147146,0,159446,660730
0,16748158,12113388,435050,113477364,2131976,280,1016540,1,13736338,577444,3201702,58041620,0,163534,640934
0,17331146,11801538,428400,110637660,2218664,224,1001448,1,14213710,562632,3192700,57216754,0,159096,666974
0,16751224,12043654,391230,113437296,2123212,0,1009344,1,13735512,576128,3191202,58119418,0,166586,621432
0,17090598,11782316,442638,111554534,2192694,14,1007776,1,14085456,559650,3215506,57720040,0,163352,651504
0,16942744,11826346,459648,112335790,2178708,0,1015490,1,13922510,563584,3205006,57684438,0,163912,650160
0,17009874,11562082,435512,112795676,2168096,0,1012312,1,14004620,552538,3191160,58103220,0,164864,642418
0,17204488,11658766,460894,111408122,2194290,0,1011178,1,14074046,556738,3256848,57446480,0,161518,653828
0,17017350,11761890,529550,112692188,2201304,0,1008826,1,14011662,562114,3259578,58005822,0,163926,648662
0,16909130,11363604,595000,110343170,2290246,0,987196,1,13860924,531020,3287242,56816900,0,142954,655158
0,16612344,11776772,420924,113189846,2184518,14,1016400,1,13625500,559048,3210410,57702218,0,165508,641760
0,17117268,11616192,467768,110648076,2275742,14,1000664,1,14071526,555310,3285408,57268526,0,160216,667870
0,16633120,11867702,394702,113526126,2194850,14,1018486,1,13643014,570822,3298974,57730148,0,166698,644042
0,17087896,11635554,455112,111003242,2285920,14,1001826,1,14107856,555912,3325280,57336258,0,160300,669186
0,16656206,11859260,428246,115125388,2189782,14,1005886,1,13659758,570430,3199490,58387756,0,157836,644980
0,16290372,11858896,398286,114791614,2186296,0,1001616,1,13387024,568372,3211530,58237438,0,165494,635880
0,17077368,11629730,481446,111693974,2293802,0,990276,1,14085050,555016,3221694,57689436,0,159922,660464
0,16660070,11870628,419916,115156874,2186758,0,1001182,1,13663636,569212,3149748,58424296,0,165074,637196
0,17134642,11646894,510804,111283368,2270870,0,989982,1,14076790,555282,3127292,57572690,0,159544,657552
0,16591680,11840472,429030,114714250,2178344,0,787556,1,13607342,567154,3174192,58487492,0,163674,607026
0,12778472,11441542,304066,109143958,2184168,154,1005676,1,11235910,543326,2988286,56324856,0,162106,635964
0,17054380,11585042,280056,111224876,2255218,154,992446,1,13967100,551544,2983820,57826034,0,157948,653086
0,16576420,12195092,260078,114863448,2163126,210,1000132,1,13593244,584920,2982980,58767870,0,161742,636048
0,17086398,11810666,244062,111050744,2242016,182,995428,1,13997214,563696,3141194,57725584,0,157780,652008
0,16612176,12153820,249788,113843940,2186324,168,996646,1,13634530,581784,2976022,58824066,0,159558,637882
0,16879198,11912614,245210,112450408,2202214,336,992334,1,13895574,568568,2979620,58055116,0,154616,656726
0,16187248,11950652,256088,112924378,2198490,196,1004388,1,13299902,573552,2989042,58153382,0,159138,644798
0,16953496,12075854,249116,111666562,2242450,168,994000,1,13966820,572334,3089212,58017778,0,157752,655116
0,16896278,12137020,267694,113317288,2175796,168,1006138,1,13866566,582232,3093258,57957536,0,160930,639702
0,17390184,11879154,241808,110699610,2259684,168,991326,1,14358890,567560,3126074,57484490,0,157010,662592
0,16801694,8434538,4676490,111165642,2254644,140,989422,1,13785296,404250,6048476,57834476,0,157584,661346
0,16841356,12126492,290724,110843376,2192736,140,1000048,1,13812288,583856,3120572,57557290,0,157318,672056
0,16807826,12223176,361032,113326976,2174452,168,1018024,1,13780802,588140,3146458,57758806,0,160510,642768
0,17381980,11955874,328034,110914636,2249408,280,1002414,1,14324016,565348,3142608,57629222,0,157514,670866
0,16783172,12338172,396578,113682072,2170112,168,1018444,1,13759298,588546,3099334,58349508,0,161420,642866
0,17360994,11924948,329224,110489610,2234890,140,1000776,1,14244328,562016,3134502,58050188,0,156184,665966
0,16734900,12319426,302918,112023296,2170280,168,1015896,1,13721036,588364,3165722,58120804,0,161476,644266
0,17193106,12054966,303604,112269808,2215346,0,1008714,1,14159586,577150,3042704,58648002,0,160258,648144
0,17024980,11671842,334166,111701828,2194990,0,1011598,1,13954318,557466,3053988,57865906,0,161966,652960
0,17039498,11875206,374682,111796958,2226602,0,1008756,1,14023086,565712,3483480,57886696,0,160706,647192
0,17053736,11703804,7049168,75540066,2199330,0,1004724,1,13982192,558964,10902500,41992776,0,159208,662438
0,16769466,11946074,317086,113135456,2199498,0,1012970,1,13766032,572264,3107104,58200660,0,162778,639702
0,17065398,11655406,314510,110318166,2145164,0,1011164,1,13956754,555492,3155754,56858186,0,164094,639520
0,16805166,11668622,342468,110917226,2239468,0,1008098,1,13752942,556766,3163706,57364818,0,162484,656488
0,16412900,11890676,340256,112377062,2219280,0,1008938,1,13466600,569912,3116274,57939308,0,162918,639100
0,16860816,11661202,335524,110386346,2245698,0,1003170,1,13785352,558460,3092320,57258306,0,161700,658154
0,16384984,11965044,336336,113521674,2194682,0,999656,1,13454462,571200,3069738,58465554,0,163408,633374
0,16814112,11644808,323834,111257762,2249268,0,974218,1,13755784,553966,3028998,57606878,0,160832,636748
0,16536828,11383260,314216,113408008,2202578,0,989940,1,13562360,530614,3067400,58066372,0,166586,639590
0,16622508,11810764,308140,113267490,2234274,0,992334,1,13661102,564004,3032596,58352140,0,162596,642600
0,16696428,11770472,314328,112703808,1679132,140,998718,1,13715716,563500,3206462,57929494,0,144970,636188
0,16455334,11823854,235970,112705852,2252068,168,991186,1,13534234,563976,3013808,58251676,0,160608,638498
0,16701916,11752454,226856,112690494,2213162,168,989912,1,13714666,561274,3012856,57887704,0,163086,640150
0,16617958,11836692,229852,108536316,2183062,168,988848,1,13661970,566524,2984464,55688178,0,158060,641606
0,16467178,11934230,214774,113045184,2246902,392,988624,1,13539498,565824,2991142,58351608,0,160398,637770
0,16669842,11746882,227542,112906108,2209858,168,993132,1,13683572,561736,3122882,57950256,0,163982,637490
0,16734116,11943988,241738,112287182,2239846,224,982492,1,13779892,571102,2996504,58048396,0,160342,644126
0,16643634,11993072,256704,114260776,2174354,476,986062,1,13660052,574700,3002636,58220820,0,164248,634942
0,16753870,12012462,259728,112250894,2234204,168,981792,1,13790728,574014,2989028,58036482,0,159558,644098
0,16712724,11698610,247940,111819918,2245684,140,978978,1,13713882,555478,2986242,57672062,0,159292,644490
0,16510928,12174960,221368,115129756,2170378,196,600278,1,13551496,585802,3194562,58203530,0,137284,503062
0,16716210,12262264,231476,111756330,2217810,308,956438,1,13740538,576310,2985038,57776404,0,160566,637308
0,17182186,11953928,233268,112104286,2188312,140,965048,1,14054754,573020,2991604,57615418,0,162764,632268
0,16928156,12030802,233100,111382334,2238922,140,960078,1,13918002,574742,3009804,57657586,0,159684,643916
0,17146080,11917598,300748,111213844,2227778,140,963438,1,14032102,569506,3098774,57178492,0,153986,635446
0,17247664,11877880,287980,111344856,2201192,196,976444,1,14118272,567938,3011316,57444044,0,163170,641606
0,16855790,12050332,301140,111873216,2218594,140,979174,1,13853154,575204,3170762,57893724,0,160272,636132
0,17273732,11804716,295302,109899650,2222640,154,994420,1,14135030,563402,3057502,57212848,0,159026,649978
0,16726374,12201896,299656,113136940,2162384,168,984718,1,13715436,583310,3051440,58415350,0,162260,635068
0,17375246,11825282,334768,110449878,2220148,168,984662,1,14256606,563906,3020262,57526798,0,158914,649180
0,16392054,12076218,344400,110584474,2211804,0,981862,1,13466194,580342,3085320,57595188,0,161336,648732
0,11472706,10743894,337512,110589808,2244032,0,986244,1,10165666,526008,3063788,57455034,0,159950,656152
0,16808834,12062638,343098,113222830,2161026,0,1012620,1,13783336,578732,3052756,57996736,0,166082,640948
0,17355506,11756024,298088,110824210,2245698,0,1003604,1,14318864,560448,3095134,57530018,0,160104,663292
0,16747696,12071584,300552,113714552,2161852,0,1004738,1,13735092,580678,3136588,58079826,0,166348,641662
0,17393306,11782232,302442,110953304,2171484,0,1014958,1,14364756,561596,3091396,57583498,0,162064,639870
0,17066742,11748240,284494,110883598,2254336,0,1010072,1,14035518,559174,3137694,57390550,0,160118,661598
0,16583966,12052054,304304,113493408,2182922,0,1014496,1,13603758,577360,3146318,58099300,0,165858,640346
0,16883482,11751110,309512,110724166,2256394,0,1009960,1,13893306,561372,3197502,57323196,0,160286,658728
0,16531844,12041050,311808,113442420,2180192,0,1015714,1,13566140,579418,3124072,58058770,0,166530,640010
0,16881060,11781280,309834,111029226,2272704,0,1008014,1,13932730,560224,3174906,57513568,0,160286,661962
0,16519146,9615018,6119512,106719074,2274524,42,979216,1,13557320,490476,4761302,56898044,0,161182,645890
0,16643732,11878118,340914,113687364,2205826,0,989968,1,13679400,569366,3275188,58906918,0,166502,633024
0,16715020,11860744,336602,112075852,2271220,0,982268,1,13753768,565656,3151834,58880178,0,161252,650272
0,16512916,12026840,580916,115141376,2190314,168,1000440,1,13555836,578270,3125626,58772112,0,164332,632240
0,16852864,11754764,212576,111748742,2291212,140,982240,1,13876058,559748,3053820,58157890,0,159180,645596
0,16555560,11924752,225834,114378586,2175264,140,980672,1,13594364,571382,3056732,58219420,0,162932,616126
0,16440354,12064052,218932,114432402,2180430,168,987868,1,13491156,576800,3044118,58432612,0,163716,629384
0,16783676,11731692,229600,111365170,2250766,504,992040,1,13774166,559594,3104416,57643572,0,158676,644966
0,16420194,12080502,219114,114992122,2182124,280,1003926,1,13493914,580328,3330796,58391424,0,163996,631008
0,16627576,11849670,242200,111736534,2238838,504,985488,1,13724928,565012,3154508,57637916,0,159180,646576
0,16297260,12252632,221914,86698850,2019192,168,972342,1,13412854,588252,3077200,47314414,0,163492,623952
0,16139662,11588808,226282,109874772,2170966,168,993678,1,13478920,542906,3130750,55823530,0,163576,630084
0,16873010,11855410,224000,110771976,2252110,224,980784,1,13942348,564550,2993088,57278942,0,159446,648480
0,16497418,12202372,242620,113253910,2176370,518,993440,1,13537062,587034,2988314,57578164,0,163996,633332
0,16971836,11872000,240576,110719308,2243374,112,989870,1,14043820,565810,2983274,57256584,0,158914,644966
0,16443014,12197206,281274,113086540,2173122,140,989674,1,13501866,584794,2992136,57632624,0,163800,631778
0,17063088,11753574,299194,110502644,2239972,196,983150,1,14022708,558894,3140158,57127910,0,158186,650860
0,16797802,11958674,206556,111870934,2190902,168,1004738,1,13799730,572964,3105410,57577310,0,163828,640934
0,16819740,11980528,281778,110986736,2248694,196,998074,1,13887608,572348,3046120,57505462,0,159922,662508
0,16632630,12159756,334082,113546678,2173640,224,1005382,1,13659912,584458,3045980,57606724,0,164626,638358
0,17153738,11882206,300874,110834892,1958320,0,991382,1,14178234,565628,3022656,57312360,0,157738,659974
0,16409512,12055358,326046,113159424,2175306,0,1018906,1,13549928,578774,3216626,57630734,0,167440,646128
0,17092712,11803638,310114,109678240,2190300,0,1013894,1,14137298,564410,3103268,56497182,0,163884,657230
0,16583756,12042912,328636,113006516,2165828,0,1019508,1,13623022,575652,3099110,57917594,0,165480,643300
0,17128244,11836384,289604,111666730,2214268,0,1014622,1,14151102,563150,3065762,57700356,0,163156,642572
0,17019422,11755422,333536,110685050,2273936,0,1005410,1,13935306,560112,3099404,57236774,0,160426,667184
0,16536632,11924556,415576,110967808,2245110,0,1010520,1,13581876,572614,3277078,57355060,0,162162,658532
0,16522548,12038978,362138,113201536,2192526,0,1015364,1,13550810,577346,3102918,57637230,0,162778,652988
0,15950788,12049688,357588,113235906,2196698,0,1021482,1,13129774,579950,3212356,57554770,0,166446,648368
0,16827300,11970364,449498,112992348,2175712,0,1017296,1,13836802,569926,3257926,57983898,0,165284,643076
0,17132052,11774140,297486,110944148,2267552,0,837340,1,14116396,561596,3073728,57274938,0,161154,544432
0,16605036,12028198,587468,113925280,2201570,0,997724,1,13622574,580160,3192294,58131920,0,165620,650104
0,16624776,11998294,292040,114662394,2181186,0,1001434,1,13654452,573286,3046708,58690058,0,166096,638750
0,17158274,11766944,670600,114723056,2132984,0,991900,1,14112616,556878,3290770,58534672,0,163576,646618
0,16586472,11879126,339836,114591862,2183664,0,1000314,1,13622462,570850,3117464,58590980,0,165942,635628
0,17063578,11776646,659428,113905946,2224796,0,993594,1,14070980,562422,3141670,58926028,0,163674,633346
0,17119396,11719470,222726,111420582,2273502,168,989632,1,13983690,559636,3037286,57799588,0,159446,654822
0,16681812,11916786,612640,113299060,2223438,210,993146,1,13679876,571158,3047492,58256044,0,163702,643958
0,16778580,11892286,273224,114466562,2181340,140,999740,1,13792856,567336,3058818,58714376,0,163618,624988
0,16960342,11892790,796936,114750944,2188550,140,996688,1,13968640,567896,3128706,58415406,0,166026,636118
0,17155530,11750732,253722,112838250,2225650,196,995694,1,14153454,559244,3117744,58484398,0,161518,635026
0,12805478,8871632,786898,111808844,2251788,168,996744,1,11373880,437836,3175466,57999984,0,157514,638932
0,16906554,11500538,279300,111531966,2240252,168,989562,1,13870780,549304,3119900,57814274,0,158242,653016
0,16657144,11922064,724710,114842952,2172352,168,999488,1,13665932,570528,3123092,58259908,0,163436,636468
0,17013990,11890410,294196,114502976,2112712,168,1007370,1,14026502,561876,3224242,58658754,0,161644,643356
0,16906204,11850594,721308,113986124,2166766,196,997108,1,13929804,564886,3145394,58771300,0,161588,635152
0,17114440,11694662,215026,111746474,2253188,504,989996,1,14018648,556122,3128874,58171904,0,159166,657202
0,16871736,11856082,753396,110847548,2207912,168,992460,1,13834534,565740,3184048,57875972,0,158214,649376
0,16773806,11912012,210504,113507674,2179072,168,1000384,1,13752522,570178,3186386,58514680,0,162400,641088
0,16889992,11893252,665798,113148070,2168684,140,984662,1,13892620,566888,3101742,58641814,0,162078,629272
0,17192826,11524758,313390,113638322,2168656,224,997892,1,14178052,537460,3121132,58491118,0,162246,636230
0,17393376,11757788,5146778,109792536,2161488,168,1019536,1,14292796,557830,8703142,57679118,0,158900,641424
0,17343270,11684162,393904,111061132,2255764,196,1001476,1,14246890,560224,3091788,57363222,0,158718,665252
0,16896600,12037088,629426,111826022,2202102,308,1000342,1,13858474,577906,3130904,57530788,0,158256,658910
0,16767758,12082840,394114,113415400,2174466,280,1013320,1,13757688,576786,3145492,57753220,0,162708,643510
0,17376870,11874156,577290,108606008,2162678,224,1017016,1,14338800,567140,3131534,55646248,0,162218,648270
0,17107748,11966822,343658,113205344,2152990,168,1020628,1,14087738,570010,3207708,57938902,0,163212,645190
0,17400670,11895170,392182,111003032,2242058,0,1009890,1,14351400,567574,3179806,57314698,0,160720,652344
0,17029474,11852946,384468,110481714,2236430,0,1006152,1,13973820,567784,3174864,57092434,0,159502,668262
0,16817976,12053160,481320,112940450,2192470,0,1013432,1,13792422,580720,3129154,57759338,0,162176,654934
0,16911006,11936008,444570,113164562,2165030,14,1016176,1,13906522,570402,3330026,57927800,0,164094,643776
0,16584610,11923520,649194,99645574,2078650,14,1005424,1,13671364,564340,3330922,64128414,0,160482,661864
0,16766666,12003152,694862,113676836,2194920,0,1019382,1,13753418,572824,3158288,57785714,0,167538,645176
0,17157784,11768260,811412,111376650,2225972,14,1013614,1,14166040,561134,3474492,57602818,0,164108,642824
0,17039134,11726344,846678,110902708,2280572,0,1003016,1,13946954,558782,3644116,57303260,0,161336,669928
0,16689806,12053846,1153026,112617596,2229962,0,1007748,1,13688472,579460,3632146,57576484,0,160832,659106
0,16619932,12001500,1159522,113236662,2195172,238,1003296,1,13628314,573860,3463782,57808842,0,155134,667478
0,16685704,12000996,906906,111029660,2286074,0,1012970,1,13683208,574364,3520006,57317190,0,161378,648508
0,17013556,11752706,1056160,111350806,2266138,0,996030,1,13938232,562156,3785684,57562820,0,161630,660688
0,16693628,12064220,1395982,113874040,2203754,14,999894,1,13695724,581210,4059748,58122568,0,163142,649264
0,16580326,11975684,1332240,115057880,2191700,14,1009358,1,13603604,570388,4900728,58449818,0,167174,640206
0,17135118,11780062,1421350,112107072,2281916,14,868784,1,14100408,560756,6384070,57909880,0,114170,597394
0,16760030,11968460,3017742,113664852,2207436,490,995148,1,13796412,572922,4824722,58082332,0,159838,651210
0,16626456,11922190,3487960,114680412,2180948,294,1004178,1,13641040,572474,4330256,58334738,0,164458,637952
0,17085726,11776142,2554804,113381450,2191910,280,1004164,1,14089138,561358,4926614,58374862,0,163436,638302
0,17105060,11724482,2537514,111892690,2278276,168,992586,1,14022624,560406,5132498,57722742,0,160230,657748
0,16732786,12020414,2043244,112100716,2241232,168,987574,1,13725950,576338,5580274,57798818,0,158396,648536
0,16626400,11997356,2474584,115018414,2131598,168,1003646,1,13636322,572754,4808076,58252278,0,161686,636552
0,16669184,12171026,2355388,115215842,2174620,168,1008336,1,13667472,583086,4949602,58261784,14,163814,640598
0,17176348,11880330,2264990,112337778,2199764,154,1001630,1,14172452,569142,4961628,58230970,14,161686,635670
0,17056340,11802616,1619352,111974702,2250304,168,992404,1,13958224,563052,5302626,57915494,14,159334,661192
0,16686180,12161282,1709008,112372862,2207800,140,747432,1,13686834,586712,5261312,57971214,14,158550,546014
0,15692600,11798444,1657936,111655656,2233756,350,994322,1,12948082,563556,4998126,57912498,14,159012,658826
0,16787260,11666592,1283198,108832486,2219980,196,996632,1,13765458,545356,5133884,55920984,14,160272,653114
0,16965844,12010922,1937110,110223624,2190132,168,995120,1,13927760,575918,4520026,57259944,14,159194,655942
0,16786588,12143558,1637664,113122618,2158576,784,1004948,1,13766942,582064,4379942,57691102,14,162750,642740
0,17074190,11973878,818916,113272586,2155608,336,1006334,1,14055944,570738,3342500,58086476,14,163156,638344
0,17373202,11852904,268842,111786794,2175740,252,997318,1,14345128,565054,3130344,58016196,14,161924,639786
0,17183292,11833906,266042,110901644,2212532,196,997976,1,14059136,565166,3080700,57477504,14,161560,626304
0,17372838,11824372,322560,111085408,2215472,168,1006866,1,14311906,565922,3127838,57761746,14,159978,661122
0,16945334,12085794,361592,110945128,2189852,140,1008784,1,13911744,579264,3271618,57558340,14,158956,661318
0,16774142,12111820,337078,112802886,2161530,140,1019914,1,13771870,578816,3149832,57905218,14,164724,644896
0,17428348,7943964,2435524,112636062,2147390,0,1002246,1,14378826,368788,5452944,57772120,14,159474,661584
0,16276176,12056646,310380,112758534,2151912,0,1017394,1,13721204,573874,3081400,57780016,14,163702,650384
0,16570092,11819388,382900,106214472,2164890,0,1014818,1,14009044,559818,3220490,55114318,14,163002,653646
0,17082982,11847024,308952,110885180,2154054,0,1020222,1,14060830,566370,3121874,57534918,14,165116,647836
0,17191650,11831386,366926,112464744,2152892,0,1018528,1,14167090,566216,3259298,58696792,14,165648,643664
0,17339952,11739616,299026,111735708,2143484,0,1015546,1,14302764,558586,3129084,58279186,14,166222,642334
0,17394062,11684540,300958,110649308,2254616,0,1006992,1,14251482,556458,3170678,57395800,0,161406,669508
0,16711338,12011006,350546,111965658,2203754,0,1003184,1,13702780,578242,3069514,57533350,0,156632,667940
0,16286830,11695726,352828,110655048,2254952,0,1004458,1,13397930,557522,3078460,57195194,0,161322,670572
0,16663164,12042828,352226,112622398,2184952,0,1019046,1,13666996,580650,3100776,57405040,0,163870,652834
0,16821952,11863586,8201032,108196102,2192862,0,1003142,1,13836718,566342,13505254,57770608,0,161238,669984
0,16705556,12066082,345590,112774760,2193926,0,1008840,1,13702990,579236,3273088,57878170,0,166838,640934
0,17136392,11750298,287952,110843040,2191784,0,1006796,1,14124460,559524,3050194,58076550,0,166768,638442
0,17080140,11783114,308042,111737878,2189642,0,1006880,1,14103642,561638,3015152,58486974,0,167062,639380
0,17058804,11753952,307286,110191676,2210768,0,1001490,1,14056602,561092,3048500,57661394,0,164122,635236
0,17019002,11715760,295680,111362244,2289546,0,994154,1,13917386,554890,3058930,58410940,0,161322,661808
0,16562574,12143796,288876,112732410,2247602,0,997206,1,13583976,576324,3071782,58934372,0,160188,652792
0,16591960,12037494,216636,114298492,2192148,196,1005550,1,13606586,575470,3010812,58497222,0,165312,640290
0,17146234,11765852,215096,111223238,2257794,140,1011556,1,14122248,560896,3017434,58364124,0,161406,627424
0,16380868,11887666,240548,113332058,2195942,448,1008364,1,13482546,568568,3003574,58545956,0,164682,639296
0,17138044,11760056,255262,111301288,2056712,252,1002764,1,14148008,561638,3044286,62144712,0,161784,643398
0,16916774,11917570,282618,112922992,2189950,238,1003940,1,13941830,563710,3098732,58916340,0,164500,638610
0,17059742,11853240,288526,111625822,2242450,168,997402,1,14066878,559846,3072244,58232580,0,161154,653352
0,16759470,12177732,279678,112936096,2234988,168,996590,1,13750898,578536,3038266,58268588,0,158858,655928
0,16633974,12175828,230762,115135258,2098040,196,995568,1,13639752,581938,3016384,58206750,0,159866,658504
0,16667322,12182422,288050,115089100,2197286,140,1002638,1,13667332,585172,3081792,58135476,0,160888,647528
0,16844856,12053356,219618,113690514,2173262,252,1003814,1,13855548,576506,3026170,58522562,0,164332,637154
0,17136546,11835236,220906,111656118,2250682,112,994196,1,14037968,563234,3134432,57660232,0,160146,662326
0,16675078,12176416,332206,113323490,2204132,476,1002946,1,13677986,585592,3161326,57871268,0,160230,650132
0,16798446,12119912,224644,113243816,2162622,196,985824,1,13790644,577878,3013556,57950438,0,164402,625016
0,16788394,11618922,298214,112321468,2212154,140,896112,1,13780578,539700,3140312,57670970,0,141414,613354
0,17286080,11880596,475272,111086486,2146326,168,1001868,1,14298690,566426,3233846,57462104,0,162666,636384
0,17369282,11827396,277928,110689348,2211650,280,996660,1,14232470,564382,3072524,57176084,0,160594,650286
0,16981678,11997006,269416,111990928,2199330,196,1007888,1,13929762,574588,3013598,57711668,0,158984,660534
0,16754612,12152112,342398,113411144,2160396,140,1016722,1,13724578,581784,3068128,58043328,0,165200,644490
0,17316264,11869704,611338,110896184,2102674,140,1012928,1,14289352,566692,3260236,57655920,0,160062,656460
0,16906540,12093830,317758,112231448,2154950,168,1019634,1,13888294,576884,3061702,57945216,0,165298,644994
0,17390436,11857650,299754,110600042,2180500,140,1009904,1,14338254,566062,3065594,57424598,0,161588,653842
0,17025680,11937828,312102,109898180,2153732,140,1003450,1,13962690,570696,3024532,57227156,0,159712,668556
0,16809632,12195680,557704,112279132,2146676,0,1017730,1,13778408,587496,3267166,57605982,0,164080,653352
0,16998394,11911046,301224,111703634,2131990,0,1020810,1,13982080,568498,3007326,57889006,0,166670,643790
0,11945654,10602648,299936,109099578,2194178,0,1002680,1,11064830,500598,3063298,56742350,0,162764,659330
0,16918342,11833892,312816,109887582,2186254,0,1002876,1,13872586,566370,3072174,57336664,0,160706,665266
0,16732506,12019294,558026,112315756,2134958,0,1017212,1,13727952,574434,3444224,57892408,0,168000,644490
0,17343872,11774434,344176,110424510,2176104,42,1006152,1,14320712,562380,3170524,57461754,0,164136,652722
0,17069612,11811114,333130,109533984,2225482,0,1002078,1,13974842,565530,3111542,57056790,0,160958,666876
0,16695868,12052712,335762,110953514,2195494,0,1004360,1,13694030,581168,3155278,57096396,0,155386,660394
0,16825942,11839870,606508,110114704,2225622,0,1002092,1,13802194,566930,3386796,57474242,0,160720,662844
0,16587354,12004090,313222,112039494,2153956,0,1017058,1,13612564,574854,3131856,57716568,0,164472,649278
0,16744868,11900308,292152,111330198,2166822,0,1011738,1,13759984,568708,3252844,58145360,0,166124,641158
0,17120068,11717510,298578,110202680,2255540,0,994686,1,14011774,559804,3119354,57886948,0,161266,652498
0,16744112,9990120,4333476,109497066,2266194,0,992054,1,13729352,480186,7422688,57783880,0,161630,655956
0,16306052,11922904,469784,111150676,2241862,0,998830,1,13399288,566230,3138058,58155804,0,163758,643804
0,16895620,11882864,451136,110557552,2262218,0,993538,1,13856402,565208,3108700,57736280,0,160818,656922
0,16675848,12153890,445522,113465044,2196600,0,1006292,1,13673296,578942,3081876,58122022,0,166068,640206
0,17126760,11863250,370370,111807808,2228548,140,999180,1,14119560,562786,3094756,57966272,0,163590,636818
0,17041178,11795518,428316,111456814,2282840,364,993244,1,13943930,558152,3217214,57832698,0,159166,653352
0,16751182,12098352,413182,113086456,2158982,168,1008770,1,13744402,575918,3121860,58017288,0,159992,632352
0,16928394,11725042,427196,111371750,2269666,196,994364,1,13875400,560392,3116722,57552670,0,159250,657286
0,16665670,12021534,407988,114632126,2201752,336,999250,1,13671042,577542,3073574,58230046,0,159670,649264
0,16641744,11950904,451752,114575048,2177098,140,989912,1,13667066,571298,3086356,58421594,0,163842,638960
0,17078852,11872770,633010,87743110,2049474,168,982142,1,14107422,564830,3011414,46488302,0,158060,649908
0,16629900,12157810,408436,114674098,2178372,168,1005536,1,13636742,580832,3004764,58284268,0,164010,640318
0,17092698,12038348,402038,115299212,2184154,812,1002596,1,14098350,575232,3060330,58200450,0,160342,648760
0,16622144,12088160,398468,114396492,2171288,224,997066,1,13652254,576744,3070984,58458554,0,163058,639674
0,17339980,11483416,376964,111186712,2251564,378,999894,1,14255766,557592,3023174,57403990,0,157276,645792
0,17084200,11883760,385182,110468204,2247546,196,982044,1,13995520,567448,3015950,57103872,0,158788,656936
0,16803990,12209820,396928,113430926,2180766,196,1000286,1,13778072,588462,3023454,57688330,0,158844,647416
0,16730602,12119086,390222,112891716,2156532,1316,971768,1,13730206,578018,3024476,57669192,0,159726,615580
0,16861502,12145840,504770,112294322,2202606,196,1002106,1,13828178,584626,3016076,57676892,0,158928,649950
0,16768794,12125876,435372,113074080,2173192,140,1009974,1,13774012,578998,3224032,57740046,0,159446,645106
0,17355828,11861920,548618,111577284,2068402,140,973602,1,14332206,564830,3134096,57629292,0,153034,643006
0,17170230,11952318,359730,112782824,2170616,168,983122,1,14151872,569450,3268734,57894634,0,160020,642138
0,17335528,11846814,306586,110672338,2260720,168,1006558,1,14250124,565432,3106404,57117032,0,157528,656964
0,16954448,11561732,299628,107279102,2185092,168,997318,1,13915034,541422,3068828,54822362,0,160258,640682
0,17329354,11741226,334740,110832512,2248470,0,994336,1,14204414,557886,3153150,57302504,0,159656,660464
0,16869132,11928056,365596,110344682,2227302,0,991536,1,13829158,571466,3182900,57279516,0,158074,667030
0,16832326,12056128,291956,113220128,2179156,0,1010604,1,13810440,578886,3160738,57514436,0,164472,647934
0,17137848,11874352,779632,112305004,2201178,0,1003814,1,14116900,566496,3707718,57866718,0,163016,638792
0,17310160,11729144,832650,110771822,2239916,0,1012718,1,14185948,558208,3776976,57173718,0,156856,641340
0,16059708,11557770,791000,110545050,2234638,0,990388,1,13221320,538790,3849370,57114876,0,159012,665784
0,16718604,12075714,895622,112938938,2196166,0,569800,1,13714848,579558,3737020,57519574,0,164052,457450
0,15394792,12036346,990444,112400792,2220610,42,996380,1,13048854,578508,3958262,57749538,0,162386,654430
0,16454732,11962608,854546,112798126,2188704,0,1002568,1,13629910,570234,3720570,57815464,0,164234,638806
0,17120936,11773062,844956,112472444,2246678,0,996842,1,14112322,560602,3773182,58374694,0,162526,634172
0,17203690,11736592,855428,108959396,2252250,0,995834,1,13965392,559370,3752154,56484470,0,162764,637714
0,17001670,11708746,846888,111183660,2255022,0,988358,1,13931274,559468,3877706,57764378,0,160580,653534
0,16680202,12141808,847714,114509430,2195130,0,1004514,1,13682270,575372,3746484,58247504,0,167832,639450
0,17036936,11878762,847812,113206394,2214212,0,996562,1,14042308,560518,3759980,58552872,0,163982,634256
0,17099754,11856334,805686,111571348,2283764,168,991074,1,14024080,559328,3734346,57904532,0,159768,654486
0,16657550,12176136,730954,113525132,2212294,168,990724,1,13659646,578396,3667482,58321466,0,159460,648760
0,16000264,11996838,767788,111422164,2254784,364,984186,1,13164564,570752,3663100,58013732,0,159082,657342
0,12805870,11251310,845978,112518392,2245432,140,989436,1,11224682,530894,3846220,58389310,0,161238,631064
0,17015572,11710496,748006,111748336,2274342,196,986020,1,13926276,557816,3654434,57897014,0,159572,654094
0,16657522,12146204,787318,114464518,2183006,308,994504,1,13664784,583184,3720304,58424184,0,164388,640038
0,16644740,12114396,807100,109796050,2178120,168,991522,1,13665820,579012,3689784,57264102,0,165312,633962
0,17087448,11976916,758996,115065552,2165114,140,986664,1,14082068,570402,3717588,58796304,0,164472,638022
0,16593066,12103588,773374,114792356,2173444,168,992362,1,13621412,578858,3664780,59037734,0,164024,634228
0,17105914,11882794,260428,112500402,2231796,252,980728,1,14123312,566272,3069206,59046918,0,160566,640136
0,16868726,11889612,251454,111972574,2229808,168,975534,1,13845062,568386,3010574,58609124,0,159292,637798
0,16767184,12174834,253358,113541456,2176734,196,967260,1,13749974,582638,3185210,58089430,0,164514,632240
0,16987068,11998434,261254,112875644,2203068,196,977368,1,13981058,572782,3033926,58336740,0,161784,625394
0,17314318,11921504,8559614,105956774,2250234,196,964110,1,14207858,568764,6134996,57549170,0,159558,644938
0,16828028,12201728,307566,111574512,2210418,168,981330,1,13805512,586600,3180604,57431136,0,161644,644910
0,16739912,12157908,301770,113601782,2171568,140,971334,1,13728876,580622,3228638,57862238,0,163324,634046
0,17280872,11904760,301196,111574246,2225034,140,986314,1,14264964,567182,3198328,57722462,0,160958,634928
0,17255770,11809518,392672,111162128,2252278,168,971194,1,14129136,563178,3329704,57391194,0,159712,653940
0,16861334,12166574,351092,109546346,2137548,168,965846,1,13830138,586166,3133550,56202146,0,161742,626290
0,17348590,11740008,421288,111172026,2251438,42,970396,1,14199584,559090,3180450,57403710,0,161434,656292
0,16949618,11921686,337526,112062230,2198112,0,980350,1,13908188,571494,3045014,57603854,0,162820,645120
0,16786378,12014870,453978,113744358,2172926,14,1008042,1,13766802,573706,3359034,57915508,0,165984,638120
0,17332616,11788448,445774,111319894,2250822,0,966742,1,14310702,562044,3155110,57439018,0,161266,650090
0,16991940,11784150,492492,98918008,2029454,0,982730,1,13947612,561694,3359454,63473438,0,160580,645428
0,16913302,11349940,428736,111036002,2281874,0,990262,1,13871984,526204,3320170,57340920,0,160748,656292
0,16649892,12003572,442386,112377342,2221688,0,997780,1,13655684,576968,3394398,57613668,0,163534,643748
0,16575286,12009872,407344,113433992,2192050,0,1001602,1,13598802,573524,3205244,57723176,0,166922,639352
0,17038588,11821292,524734,112672042,2213414,14,1002260,1,14042112,564018,3359580,57990660,0,163730,643020
0,17047464,11636016,402304,111019328,2283204,14,1002582,1,13961864,556206,3170496,57346856,0,160524,666232
0,16694300,11880078,397852,109399962,2260006,14,997710,1,13690180,571032,3255294,55632192,0,156282,657930
0,16837912,11637962,445452,111755448,2250178,14,996884,1,13825686,556766,3239502,57838452,0,161434,650384
0,16633260,11836720,434154,115176348,2193492,14,1007664,1,13643756,568190,3238284,58142504,0,166950,639184
0,16720102,11744264,433272,114709378,2184588,0,1006628,1,13747552,561330,3164042,58412858,0,166376,638050
0,17029614,11635246,485758,112894712,2228296,0,847336,1,14060522,553812,3211236,58173612,0,116606,608272
0,16883412,11512284,409598,113922256,2228646,0,1004164,1,13922874,549612,3216290,58572402,0,163100,636272
0,16970772,11636478,338688,113688820,2195718,168,1003408,1,13957706,555366,3135412,58453276,0,162344,636720
0,17032050,11705330,321244,111925688,2284464,140,993034,1,13993588,556962,3153948,57778448,0,159558,659582
0,16657704,11885118,321748,110780642,2250262,154,997780,1,13658386,564438,3150532,57381240,0,159236,649348
0,16546978,11937002,306320,114697884,2198196,154,1007524,1,13574624,567756,3126256,58231516,0,165228,640542
0,16722258,11899202,330946,114041704,2194878,154,1002358,1,13750240,562926,3140326,58639182,0,163072,635824
0,16893058,11646586,310016,112075250,2130310,182,1005060,1,13895224,555940,3263442,58051896,0,157290,642544
0,16745652,11952122,318850,114016560,2173332,224,999992,1,13772934,570836,3124114,58750384,0,162498,636944
0,16926994,11761750,350042,111800850,2249072,140,993384,1,13843732,561596,3135944,58037616,0,159306,658294
0,16513812,12046314,350546,114191812,2194864,238,783076,1,13554758,578088,3118542,58480100,0,162904,525070
0,13830446,11621274,359702,112780864,2224180,168,1001322,1,11787118,554988,3104906,58456944,0,161028,646562
0,16537486,11695166,249522,111683194,2246118,168,992362,1,13601420,557228,2994978,57919974,0,159544,658448
0,16376108,11815342,320194,110960668,2254070,196,995092,1,13460496,564536,3208688,57568364,0,159278,659050
0,16416204,11748436,231672,110194182,2177238,140,992936,1,13616918,561316,2987866,57300362,0,159628,661402
0,16535064,11972030,340214,112075362,2198882,168,1006138,1,13584102,572852,3182242,57878198,0,161742,645190
0,16521428,11987444,237832,113280160,2166346,168,1006124,1,13554422,574126,3068212,57980342,0,165102,639072
0,17048388,11901302,328090,111477366,2239440,140,995120,1,14089950,567532,3199532,57848448,0,160188,650930
0,16787344,11819542,255276,110371576,2140544,140,1021580,1,13781810,563318,3066840,57322440,0,159852,624848
0,17055346,11851056,487620,111014680,2242688,168,1001980,1,13963544,565180,3220882,57481032,0,159670,668976
0,16536436,11898726,298858,110569354,2221548,168,1005578,1,13610422,568330,3090738,57438444,0,158928,659736
0,16572920,10305484,549948,111514144,2223788,168,1007244,1,13598578,484946,3329970,58084208,0,161070,651098
0,16928744,11851784,363832,111016248,2221548,168,1002372,1,13890744,565362,3127600,57989792,0,159390,665294
0,16695476,12164488,371770,113081486,2183538,0,1019298,1,13722282,584402,3258346,58656738,0,166712,647080
0,17146276,11672234,394142,113035790,2182292,0,1015336,1,14163478,539126,3144610,58592632,0,163758,651742
0,16829218,12130076,339724,113695106,2167844,0,1018024,1,13918380,575190,3104710,58668386,0,165242,641872
0,17323474,11863124,338198,111175036,2248134,0,1002442,1,14214452,561722,3066532,57606990,0,161252,665196
0,16877476,11788658,334432,110634664,2240798,0,1004136,1,13846182,556668,3053736,57232658,0,160496,667198
0,16773022,12158118,352898,113850492,2176398,0,1016750,1,13753180,579530,3092292,57730400,0,167006,643958
0,17251416,12085584,338912,113230292,2189320,0,1017562,1,14190946,572026,3135860,57995672,0,166586,632086
0,16540426,12049688,365232,113500030,2193604,0,1020082,1,13566042,573580,3161494,57666504,0,167552,645008
0,17151302,11863068,8583638,93874900,2194584,0,1007678,1,14161448,560154,12051424,51905378,0,164444,645834
0,17041906,11743060,339906,111151278,2276834,0,1001336,1,13951938,560294,3091760,57393966,0,160790,666330
0,16638034,11766958,370986,110684476,2275616,0,1005382,1,13648740,561428,3304378,57223558,0,160860,667408
0,16620842,11782876,340466,111302520,2233392,0,999740,1,13633102,563150,3141390,57473738,0,160860,655704
0,16560012,11679878,365414,107516724,2260874,0,996646,1,13584060,558936,3094812,55245862,0,160300,655046
0,16660798,11849250,346374,115140354,2195900,0,1006698,1,13665750,568148,3030048,58082444,0,166824,638344
0,16972746,11807824,334236,114021558,2195606,0,1001742,1,13984278,563262,3074036,58648324,0,164318,635936
0,16965746,11650940,335258,112042756,2278150,0,994434,1,13880916,555380,3063270,57853558,0,160720,660142
0,16636004,11660796,303646,111353046,2264948,0,994504,1,13644302,554834,3153696,57772162,0,160804,652246
0,16502458,11833346,355460,115003910,2188718,168,1005200,1,13537342,564508,3050208,58300816,0,158452,639170
0,15991682,11568256,251818,114245810,1798692,140,991830,1,13163864,549108,3006416,58196642,0,147896,651532
0,16319282,11711098,237734,115136882,2196782,140,1003660,1,13393534,557844,3014032,58120776,0,164724,638848
0,16752722,11723334,223202,114642206,2179520,336,1004038,1,13792870,555548,3014998,58466114,0,164052,637686
0,16875012,11644304,220010,112060508,2280306,140,979370,1,13862338,549472,3232600,57764490,0,159922,647402
0,16644530,11693080,212338,111564390,2227862,280,996660,1,13663384,552342,3002258,57798636,0,159012,653310
0,16500498,11963224,250068,112517356,2250752,140,994490,1,13531014,568582,2992542,57964858,0,159656,658224
0,16507064,11872560,255640,113802010,2187808,168,1006124,1,13547716,567266,3012436,58165422,0,162694,643510
0,16633862,11849558,257600,114980292,2170868,140,996814,1,13658582,566622,3033240,58522842,0,163870,635782
0,16797914,11676966,260974,112575806,2219336,140,1000748,1,13857186,555282,3011750,58180360,0,161154,650006
0,16664452,11545072,210966,111593986,2236626,140,995344,1,13683208,549724,3110212,57587082,0,159320,653898
0,16679544,11920314,299838,113522052,2167270,420,896490,1,13684538,572082,3018400,57855854,0,145418,617330
0,15951740,11436418,225218,111179166,2250150,168,990122,1,13115592,553910,2990834,57490048,0,160272,659330
0,16692536,11820284,217406,110942440,2207884,140,1009526,1,13700778,565768,2997442,57381170,0,159082,657216
0,16581390,12029878,328468,113499554,2171806,140,1017268,1,13603058,573188,3167220,57911812,0,164710,641676
0,16833180,11730222,314006,112854504,2158338,140,1015476,1,13879334,560728,3008544,58222962,0,163072,641550
0,17139360,11808678,324016,110796756,2248932,224,998242,1,14066234,563192,3068856,57482082,0,160370,668080
0,16715398,12024614,342454,110789952,2090718,140,1007496,1,13705664,575568,3090780,57480346,0,159978,656320
0,16851940,11840164,368144,110649700,2224516,140,997024,1,13829256,565516,3014158,57478456,0,158998,660184
0,16650438,12145112,349216,113489852,2173752,42,1017226,1,13655572,579180,3019576,57879444,0,167622,645316
0,17287662,11821796,399630,112255276,2193688,0,1011920,1,14220150,564074,3047576,58099776,0,163968,643160
0,17307430,11754834,441672,111062378,2248736,0,1001658,1,14181706,560070,3096772,57465646,0,160972,666470
0,10720878,10823568,432964,111128934,2234722,0,986258,1,9307830,531188,3230388,57451450,0,161938,625926
0,17074876,11894442,401688,110014814,2216564,0,1005508,1,14057302,572250,3184370,57300306,0,160566,645134
0,17023244,11785214,515200,113552376,2201514,0,1015112,1,13964216,561596,3198720,58167802,0,167482,646646
0,16738400,12036570,453684,113394260,2218090,0,1005340,1,13750884,575736,3225670,57939616,0,160762,660688
0,16696106,11974158,666400,110957868,2273096,0,1007272,1,13695402,574252,3577812,57443162,0,161546,656278
0,16987348,11806116,469840,111645730,2216144,0,1016526,1,13901846,563668,3290938,58008594,0,164374,643622
0,17054730,11851826,537460,113221598,2201598,0,999180,1,14066472,566370,3301046,57809906,0,160636,666078
0,16728558,11789134,791518,111246968,2275476,0,1003562,1,13724648,563038,3533250,58030308,0,161378,636832
0,16976036,11781560,929838,114334990,2193352,0,1002148,1,13946450,561792,3493406,59454780,0,166558,641382
0,16989070,11942336,784994,114823492,2198672,0,999362,1,13992426,569548,3518746,59111738,0,164556,648886
0,16680104,9441208,5747014,111602232,2276680,196,988778,1,13684594,475006,6843004,58065350,0,159992,658294
0,16820510,11750578,1992508,112665798,2195956,182,1005214,1,13799436,561694,5753818,58444596,0,163100,641774
0,16694580,11490038,3372656,113221640,2250640,196,987042,1,13716262,540036,4196920,58158114,0,159684,647598
0,16668554,11938528,2762928,112170548,2272830,140,998928,1,13674206,570122,4946858,57880312,0,160076,640990
0,16965270,11805878,2908682,113433180,2211832,168,994350,1,13904548,562688,4716796,58385348,0,162680,637336
0,16997288,11918760,2287264,114424254,2180696,196,991270,1,13986588,568568,5853288,58643578,0,164290,635880
0,16644740,12204836,1953756,115129826,2184042,168,994714,1,13668578,582372,5264980,58161166,0,163072,643818
0,16627156,12199712,2593108,110215504,2231432,168,989912,1,13638842,584486,5002648,56953120,0,156240,633696
0,17000354,12015654,2666888,113630972,2179996,504,994910,1,13917288,568078,4808328,58490306,0,163156,634144
0,16981776,12012224,2006270,114299696,2177756,168,984690,1,13976172,573482,5498136,58204328,0,163506,640640
0,16732898,12157628,2985934,94406998,2161992,196,981414,1,13723234,583688,7598164,52124646,0,164178,628670
0,16700390,12125008,2088912,111089776,2226560,196,978838,1,13690180,580622,4948930,57516088,0,159754,644868
0,16895200,11890354,1624938,111129802,2244284,140,992320,1,13865068,566440,5172258,57430506,0,160930,632114
0,16322236,12109090,1935752,111576752,2221996,168,985698,1,13412434,574448,4754974,57657894,0,159474,644672
0,16810388,12119408,1885422,111099464,2253510,140,998032,1,13790546,572292,4897536,57468250,0,160048,637224
0,17263946,12036682,1618792,111740468,2170252,224,999152,1,14145628,565460,3871056,57893080,0,163436,639282
0,17254062,11991462,409472,113099448,2185764,140,1012018,1,14224126,573468,3281194,57877764,0,164304,643006
0,16699424,12131476,361298,111773970,2217628,140,993174,1,13705146,578732,3047898,57566362,0,159502,654304
0,16879114,11922302,314300,111206256,2211510,476,1004038,1,13849794,571956,3088414,57388968,0,160902,639702
0,17134250,12014702,351120,112832776,2181200,140,1000412,1,14121072,573902,3207974,57647898,0,163926,646730
0,16750412,12027036,286132,111874378,1854664,0,976010,1,13736044,577766,3071670,57666336,0,126182,628978
0,17286444,11969846,301798,111657868,2179856,0,997262,1,14181832,564536,3389834,57598296,0,163842,648928
0,16887654,12069960,292222,110730074,2230018,0,992222,1,13824090,573720,3083598,57432970,0,161182,654542
0,16988860,11827760,302890,109690462,2212000,0,1007384,1,13941032,559412,3097598,56769034,0,164374,638904
0,17322270,11724734,394660,110534928,2243444,0,997906,1,14288372,541548,3240398,57333248,0,161532,656096
0,17093286,11835628,355446,110595268,2230634,0,1000160,1,14017318,559286,3084004,57159578,0,164136,639016
0,17051538,12006554,410998,112490770,2197020,0,1015658,1,14056532,564900,3094630,57670270,0,166236,651854
0,16630908,12160176,346248,110478256,2255834,0,1006082,1,13641320,573762,3090108,57387568,0,161028,662060
0,16897440,11919978,487074,110505192,2228394,0,1018780,1,13868554,560364,3094686,57286726,0,164164,644770
0,17071348,11990972,302638,112281666,2167396,0,1005970,1,14081858,563850,3081512,57803494,0,163576,638008
0,16701006,12103742,590646,110554500,2286634,0,602098,1,13708660,571060,3042676,57526462,0,160804,460208
0,15511538,12098450,311402,110220530,2275196,0,992516,1,12919746,576002,3036670,58354590,0,161574,649866
0,16946748,11758306,652036,110866000,2245740,0,1004444,1,13898766,561484,3050740,58647638,0,164808,640598
0,17104808,11794608,291396,112138922,2180878,0,1002540,1,14119490,563290,3092880,58934036,0,167706,646436
0,16621388,11971540,648158,112230930,2238782,0,988778,1,13630792,571984,3102176,58706760,0,160958,655592
0,16727886,11498858,460306,111632178,2198714,0,999054,1,13720308,536130,3328164,58639560,0,166544,645862
0,16609460,12051998,711578,111525610,2219686,140,995134,1,13626088,576464,3075590,58383402,0,159894,653436
0,16742334,12058340,272482,111285468,2261112,140,997192,1,13731914,579642,3189984,58107154,0,160216,647290
0,17044440,11774308,652484,111737318,2243360,168,1005270,1,13961262,561736,3114902,58582720,0,162862,640066
0,17050768,11827536,274820,113233176,2195942,140,1003492,1,14074718,563822,3134964,59306576,0,164794,645960
0,16669198,12033854,700770,113661534,2214394,196,991802,1,13676992,574476,3129952,58739464,0,159474,648116
0,11273108,11050172,314300,112726824,2191770,504,1002148,1,9779938,525574,3202598,58807378,0,165368,646310
0,16663122,12193972,653674,114296154,2211104,224,996352,1,13667318,583898,3115518,58761458,0,160202,656166
0,16744238,12217968,252882,110259968,2230704,350,993188,1,13736114,588112,3140970,58213820,0,159488,649614
0,16964248,11874436,634606,112191324,2232678,420,998172,1,13914600,566776,3121160,58582146,0,162428,636720
0,17098984,11922372,320040,113795682,2173262,224,1004892,1,14084224,567014,3256638,59291470,0,164388,640136
0,16621472,12149760,630322,108792544,2239006,168,998998,1,13644064,580874,3121244,57384894,0,160650,635362
0,17054534,11885538,410816,112491008,2163560,140,997990,1,13966134,566916,3261300,58844772,0,163296,638260
0,17261818,11969020,599774,113214486,2176958,252,992404,1,14227010,572390,3042088,58349452,0,164276,645806
0,16825410,12167932,333886,112495404,2223200,168,988652,1,13802754,582512,3229254,57873718,0,159754,652960
0,17035970,11858868,508284,111327776,2244914,140,997206,1,13977880,565432,3146318,57481228,0,160342,634858
0,17326120,11884026,6587378,106892128,2167844,196,994574,1,14250558,564774,6273456,58473870,0,154658,642250
0,16130926,12080516,392364,110848710,2217558,280,1013642,1,13271468,579880,3134866,57333836,0,159516,651756
0,17197264,11841368,337498,111081054,2209606,140,1010534,1,14089670,564158,3310888,57411928,0,160454,642922
0,17332420,11945528,499870,113404200,2173010,196,1012116,1,14295638,570570,3326316,58224278,0,163240,651168
0,16877588,12235552,346192,113142064,2185876,280,999936,1,13855800,578396,3147256,57692866,0,158690,663432
0,16865184,12095314,386428,110976026,2212126,224,1002582,1,13828794,575568,3153024,57410920,0,159698,653030
0,17186288,11920888,320236,112195636,2165198,140,1009554,1,14089376,564340,3167136,58001818,0,162078,652722
0,16790382,12251414,369040,112718592,2201920,0,1002428,1,13763330,583632,3072860,57779666,0,159950,665560
0,16874032,11956154,302288,110259044,2206344,0,1004472,1,13839504,568162,3121202,57118656,0,161434,640360
0,17313492,11895968,369362,111297452,2151058,0,1011262,1,14187222,562758,3100440,57587908,0,164108,644504
0,17175760,11996558,354746,102688236,1707328,0,997584,1,14142604,569240,3146248,58596524,0,157640,654696
0,16826726,12088244,337470,110590662,2198532,14,1010324,1,13798512,575498,3106656,57220898,0,159670,639002
0,17351460,11769100,360234,113256752,2168978,14,1011654,1,14213024,560420,3060400,58145486,0,163842,649614
0,16288342,11883284,352324,113155266,2193590,14,1007230,1,13737332,573902,3081330,57604792,0,159418,661696
